47 48
-826 -383 -745 -109 -334 -38 -591 -592 -622 -169 -925 -44 -245 -443 -563 -383 -264 -274 -887 -667 -32 0 -233 -591 -957 -594 -63 -288 -893 -275 -765 -527 -658 -593 -908 -82 -559 -24 -420 -894 -400 -744 -409 -298 -47 -688 -261 -372
-646 -382 -279 -30 -91 -940 -424 -383 -97 -177 -610 -980 -811 -66 -398 -409 -153 -902 -805 -141 -594 -740 -149 -541 -461 -181 -648 -967 -463 -475 -700 -709 -432 -588 -54 -969 -861 -768 -890 -669 -404 -448 -431 -377 -59 -671 -735 -238
-895 -415 -767 -398 -591 -133 -290 -771 -496 -774 -850 -384 -636 -551 -193 -439 -119 -656 -138 -271 -838 -904 -769 -471 -685 -263 -602 -182 -245 -835 -308 -135 -212 -566 -489 -737 -899 -251 -698 -407 -645 -862 -994 -162 -644 -967 -355 -115
-864 -274 -586 -761 -437 -251 -857 -910 -702 -27 -854 -648 -543 -742 -311 -437 -688 -199 -930 -357 -959 -807 -911 -215 -11 -247 -16 -319 -911 -558 -419 -343 -13 -881 -208 -888 -896 -175 -733 -624 -49 -857 -462 -377 -271 -938 -722 -795
-827 -236 -801 -670 -203 -519 -877 -786 -762 -335 -608 -781 -70 -616 -250 -164 -254 -347 -432 -613 -933 -856 -928 -956 -419 -418 -807 -804 -483 -927 -488 -129 -163 -886 -690 -863 -238 -567 -392 -1 -763 -941 -113 -275 -351 -28 -111 -249
-394 -581 -454 -276 -63 -942 -696 -552 -138 -593 -627 -674 -410 -526 -307 -885 -469 -299 -963 -653 -528 -481 -500 -798 -507 -561 -478 -622 -560 -358 -954 -511 -605 -221 -13 -210 -192 -606 -396 -854 -755 -156 -922 -321 -609 -491 -340 -190
-43 -84 -594 -322 -938 -675 -635 -309 -147 -940 -944 -548 -987 -737 -258 -826 -3 -683 -940 -328 -321 -976 -859 -640 -744 -541 -444 -70 -378 -604 -769 -121 -367 -635 -541 -267 -493 -106 -580 -778 -282 -520 -876 -662 -228 -489 -761 -485
-857 -655 -294 -388 -621 -720 -746 -746 -20 -138 -548 -255 -830 -526 -728 -360 -820 -704 -525 -676 -35 -581 -503 -555 -163 -222 -827 -527 -301 -446 -345 -110 -199 -139 -690 -457 -14 -30 -416 -85 -200 -937 -383 -996 -391 -128 -970 -701
-27 -5 -69 -984 -813 -13 -181 -280 -979 -449 -558 -996 -579 -856 -714 -434 -702 -348 -706 -408 -336 -225 -873 -869 -812 -112 -366 -139 -678 -408 -927 -435 -293 -569 -109 -274 -136 -559 -241 -804 -749 -559 -531 -830 -800 -675 -171 -620
-457 -526 -558 -346 -933 -154 -96 -588 -60 -314 -95 -227 -220 -552 -75 -102 -836 -400 -24 -788 -52 -714 -379 -982 -780 -455 -76 -815 -229 -296 -973 -915 -847 -767 -735 -170 -182 -729 -903 -495 -93 -978 -662 -497 -833 -766 -950 -317
-900 -560 -268 -166 -677 -289 -360 -277 -63 -285 -307 -5 -360 -839 -783 -186 -994 -12 -951 -651 -807 -378 -744 -589 -909 -568 -932 -286 -345 -189 -142 -999 -516 -203 -934 -571 -572 -977 -561 -640 -411 -219 -348 -988 -483 -813 -65 -399
-258 -870 -317 -27 -849 -774 -92 -968 -11 -132 -878 -294 -166 -514 -206 -20 -670 -317 -684 -782 -423 -37 -447 -167 -155 -723 -316 -658 -75 -694 -440 -203 -369 -880 -923 -33 -850 -886 -238 -366 -753 -197 -468 -258 -199 -14 -809 -865
-55 -155 -763 -796 -291 -27 -629 -917 -730 -264 -756 -69 -512 -525 -52 -248 -180 -343 -787 -360 -780 -894 -105 -805 -520 -509 -683 -363 -364 -351 -529 -266 -99 -381 -576 -590 -632 -875 -527 -505 -491 -217 -719 -281 -685 -669 -157 -261
-240 -431 -232 -851 -483 -602 -168 -931 -75 -294 -810 -549 -86 -41 -992 -599 -751 -844 -150 -671 -806 -833 -791 -103 -505 -962 -668 -116 -836 -359 -690 -843 -606 -220 -372 -419 -270 -321 -531 -850 -230 -20 -779 -59 -863 -637 -925 -995
-204 -899 -59 -474 -474 -160 -729 -793 -467 -82 -299 -403 -699 -105 -144 -34 -460 -908 -468 -511 -130 -820 -827 -770 -296 -122 -32 -141 -327 -732 -168 -383 -504 -434 -999 -539 -722 -568 -68 -507 -242 -517 -682 -144 -321 -756 -613 -103
-443 -927 -839 -347 -357 -585 -112 -902 -860 -722 -850 -195 -176 -658 -817 -566 -451 -537 -846 -672 -483 -610 -958 -59 -786 -747 -465 -752 -918 -563 -105 -910 -644 -778 -635 -543 -808 -853 -784 -245 -619 -702 -718 -35 -294 -641 -571 -617
-230 -316 -508 -896 -976 -749 -703 -121 -723 -809 -66 -861 -581 -101 -176 -321 -322 -668 -148 -966 -136 -745 -270 -236 -266 -782 -691 -39 -752 -219 -383 -758 -444 -354 -112 -913 -63 -693 -48 -276 -60 -710 -628 -376 -968 -67 -551 -278
-46 -739 -437 -110 -754 -177 -644 -60 -131 -911 -721 -798 -691 -499 -870 -858 -112 -688 -46 -397 -33 -70 -256 -456 -977 -171 -692 -174 -124 -158 -702 -119 -74 -167 -302 -735 -199 -165 -397 -438 -853 -898 -577 -537 -182 -625 -196 -756
-246 -733 -643 -998 -831 -755 -729 -47 -282 -442 -305 -221 -806 -192 -280 -136 -803 -385 -316 -901 -967 -329 -129 -564 -910 -285 -171 -725 -225 -171 -238 -492 -860 -557 -76 -14 -595 -399 -15 -508 -577 -957 -157 -891 -338 -668 -124 -676
-485 -180 -747 -485 -539 -500 -799 -557 -823 -459 -464 -610 -103 -989 -43 -94 -432 -768 -346 -175 -26 -550 -839 -874 -227 -966 -542 -827 -128 -696 -876 -703 -185 -394 -452 -96 -881 -948 -722 -489 -62 -776 -793 -399 -74 -454 -799 -977
-105 -411 -940 -131 -840 -648 -733 -496 -704 -939 -767 -58 -343 -883 -969 -940 -330 -320 -554 -225 -43 -719 -425 -642 -411 -188 -859 -719 -55 -843 -279 -375 -943 -167 -16 -174 -385 -460 -721 -639 -370 -332 -834 -777 -105 -997 -373 -711
-463 -386 -987 -300 -974 -860 -945 -42 -618 -484 -363 -578 -683 -360 -849 -158 -251 -867 -857 -357 -297 -581 -438 -415 -987 -305 -110 -416 -640 -740 -983 -415 -143 -792 -627 -10 -209 -889 -495 -224 -312 -775 -301 -678 -521 -351 -960 -802
-64 -73 -250 -775 -171 -230 -198 -285 -703 -891 -473 -311 -84 -517 -304 -594 -829 -832 -700 -953 -422 -812 -348 -866 -148 -211 -469 -573 -50 -258 -556 -934 -602 -731 -856 -59 -912 -427 -401 -246 -818 -263 -15 -327 -272 -107 -98 -242
-362 -102 -220 -170 -828 -813 -753 -394 -232 -210 -282 -974 -328 -92 -370 -722 -936 -349 -931 -363 -413 -753 -370 -748 -378 -79 -804 -1000 -266 -576 -990 -26 -751 -180 -301 -678 -990 -104 -638 -500 -5 -493 -175 -232 -384 -190 -680 -317
-698 -307 -129 -100 -361 -730 -504 -486 -965 -997 -722 -12 -44 -395 -183 -252 -184 -527 -998 -619 -907 -636 -300 -635 -849 -717 -223 -132 -142 -941 -181 -56 -413 -535 -577 -251 -275 -477 -658 -136 -856 -877 -97 -83 -396 -398 -42 -864
-576 -308 -709 -127 -146 -404 -678 -900 -910 -290 -478 -874 -180 -562 -727 -727 -669 -100 -734 -618 -954 -571 -745 -555 -756 -316 -14 -166 -324 -642 -416 -864 -558 -963 -220 -248 -940 -204 -288 -107 -419 -381 -461 -433 -166 -77 -703 -336
-990 -556 -857 -888 -259 -850 -802 -445 -320 -627 -840 -352 -659 -703 -595 -746 -794 -473 -603 -308 -305 -627 -810 -997 -59 -593 -323 -682 -601 -62 -655 -882 -552 -949 -944 -734 -326 -424 -862 -888 -726 -913 -701 -101 -261 -881 -253 -860
-262 -539 -213 -848 -325 -874 -199 -567 -520 -545 -323 -405 -464 -525 -363 -444 -730 -791 -798 -434 -926 -298 -849 -431 -523 -959 -806 -122 -805 -600 -368 -675 -584 -596 -389 -407 -370 -273 -596 -345 -699 -650 -475 -736 -209 -314 -897 -522
-725 -988 -256 -949 -125 -497 -754 -64 -740 -900 -401 -916 -102 -602 -289 -576 -87 -519 -194 -716 -525 -296 -636 -496 -925 -539 -624 -479 -14 -67 -753 -387 -556 -539 -923 -192 -808 -145 -576 -569 -625 -313 -465 -625 -216 -757 -405 -344
-713 -137 -643 -942 -746 -325 -898 -631 -992 -737 -654 -189 -558 -409 -797 -191 -733 -548 -19 -585 -514 -176 -638 -782 -33 -46 -712 -867 -899 -372 -416 -917 -755 -126 -789 -131 -311 -286 -871 -217 -903 -350 -294 -542 -903 -132 -76 -202
-624 -247 -432 -423 -808 -21 -646 -123 -435 -417 -532 -111 -546 -789 -936 -399 -567 -560 -313 -439 -821 -614 -690 -719 -840 -993 -466 -333 -806 -177 -98 -461 -217 -462 -652 -982 -473 -85 -787 -753 -314 -770 -124 -82 -290 -125 -369 -881
-350 -381 -972 -110 -970 -853 -344 -819 -309 -342 -865 -222 -398 -70 -881 -879 -10 -219 -174 -104 -105 -695 -581 -985 -281 -531 -536 -605 -260 -300 -635 -983 -407 -523 -247 -961 -981 -914 -63 -372 -333 -254 -271 -787 -660 -283 -558 -426
-565 -935 -766 -559 -989 -69 -155 -716 -884 -546 -380 -179 -259 -959 -156 -335 -787 -732 -142 -502 -510 -904 -651 -640 -974 -425 -683 -440 -501 -9 -260 -212 -284 -486 -62 -116 -535 -335 -918 -207 -616 -572 -615 -329 -45 -393 -60 -426
-49 -762 -23 -80 -5 -831 -454 -475 -799 -956 -288 -58 -638 -922 -927 -680 -861 -149 -607 -895 -900 -429 -427 -194 -243 -263 -688 -493 -929 -101 -872 -373 -196 -345 -385 -44 -995 -745 -916 -213 -917 -960 -222 -646 -63 -575 -540 -220
-155 -247 -411 -180 -385 -841 -336 -378 -177 -658 -26 -175 -535 -860 -348 -657 -225 -978 -715 -114 -926 -169 -267 -729 -407 -129 -612 -902 -344 -708 -939 -502 -575 -227 -538 -207 -296 -853 -555 -173 -631 -391 -259 -836 -301 -282 -47 -966
-373 -226 -678 -52 -475 -624 -402 -450 -986 -290 -765 -178 -964 -899 -849 -555 -831 -276 -7 -111 -888 -632 -679 -60 -194 -994 -517 -444 -973 -232 -821 -190 -623 -867 -991 -514 -328 -412 -739 -819 -918 -632 -545 -631 -273 -489 -544 -782
-786 -315 -79 -880 -270 -497 -634 -834 -771 -354 -378 -18 -759 -33 -24 -352 -405 -828 -332 -945 -938 -675 -321 -114 -841 -89 -834 -317 -871 -48 -773 -626 -174 -393 -352 -143 -657 -171 -637 -979 -35 -245 -95 -835 -316 -427 -77 -442
-205 -798 -493 -243 -541 -560 -667 -138 -965 -394 -208 -363 -92 -340 -542 -374 -256 -252 -884 -231 -463 -246 -692 -57 -342 -883 -601 -707 -695 -318 -469 -239 -73 -714 -763 -155 -580 -351 -794 -533 -703 -333 -127 -603 -504 -746 -62 -173
-761 -310 -394 -85 -253 -155 -775 -394 -320 -629 -580 -207 -37 -9 -691 -838 -875 -965 -690 -789 -269 -910 -442 -178 -673 -298 -238 -178 -868 -66 -566 -552 -539 -754 -936 -838 -717 -507 -713 -641 -858 -447 -182 -904 -571 -791 -418 -81
-398 -899 -895 -906 -542 -179 -600 -782 -44 -798 -121 -493 -657 -450 -691 -356 -57 -112 -70 -259 -383 -461 -377 -298 -176 -682 -794 -169 -806 -929 -171 -18 -430 -892 -328 -150 -119 -585 -585 -551 -388 -668 -241 -464 -921 -459 -421 -400
-961 -729 -173 -107 -690 -993 -66 -717 -239 -388 -123 -842 -70 -518 -416 -518 -362 -447 -487 -574 -300 -742 -39 -246 -115 -263 -254 -19 -353 -750 -310 -566 -243 -390 -63 -436 -496 -6 -720 -299 -901 -10 -145 -486 -666 -952 -357 -144
-128 -343 -290 -617 -427 -841 -119 -151 -163 -60 -506 -919 -312 -213 -687 -290 -175 -172 -748 -957 -176 -919 -338 -921 -206 -63 -975 -141 -999 -522 -596 -930 -397 -916 -798 -345 -78 -796 -184 -858 -821 -293 -485 -891 -320 -757 -469 -152
-13 -744 -115 -870 -250 -115 -147 -849 -687 -235 -706 -437 -576 -545 -356 -375 -451 -245 -936 -342 -665 -534 -806 -673 -904 -495 -431 -45 -465 -823 -61 -293 -646 -580 -988 -631 -579 -75 -909 -466 -432 -403 -985 -905 -764 -568 -435 -483
-672 -625 -617 -157 -948 -536 -956 -569 -741 -160 -908 -794 -349 -617 -501 -797 -161 -957 -597 -354 -429 -303 -566 -235 -792 -574 -266 -675 -35 -325 -418 -531 -95 -867 -420 -809 -81 -910 -772 -940 -602 -597 -955 -453 -109 -626 -678 -997
-795 -505 -309 -311 -239 -390 -252 -592 -294 -267 -573 -24 -541 -406 -338 -285 -209 -848 -649 -639 -490 -3 -421 -928 -848 -736 -212 -702 -887 -883 -284 -688 -38 -17 -746 -408 -884 -213 -389 -253 -459 -139 -127 -864 -888 -751 -283 -514
-161 -727 -139 -437 -675 -956 -171 -999 -633 -64 -331 -752 -623 -403 -950 -17 -107 -9 -695 -491 -187 -160 -186 -561 -628 -606 -691 -724 -494 -372 -218 -377 -556 -513 -619 -631 -506 -235 -424 -993 -837 -1 -484 -921 -527 -273 -721 -352
-621 -513 -559 -69 -456 -17 -1000 -215 -898 -20 -804 -672 -89 -202 -305 -888 -655 -88 -846 -257 -501 -3 -826 -336 -144 -135 -15 -464 -241 -808 -692 -200 -247 -980 -891 -359 -494 -466 -184 -650 -759 -152 -162 -98 -646 -348 -734 -309
