50 50
-306 -359 -493 -414 -864 -520 -465 -702 -304 -511 -930 -252 -794 -629 -815 -897 -859 -171 -789 -671 -931 -891 -268 -554 -440 -720 -42 -379 -372 -675 -728 -882 -947 -763 -865 -939 -881 -597 -726 -510 -316 -654 -104 -351 -810 -504 1 -446 -326 -931
-819 -70 -689 -591 -255 -506 -841 -577 -129 -820 10 -355 -141 -133 -560 -906 -572 -420 -939 -629 -703 -121 -644 -940 -710 -545 -717 -777 -886 -260 -641 -543 -594 -5 -231 -753 -155 -815 -190 -21 -9 -891 -438 -883 2 -912 -627 -53 -308 -991
-200 -3 8 -190 -211 -557 -375 -150 -475 -769 -660 -305 -740 -403 -6 -568 -472 1 -248 -11 -374 -441 -285 -884 -415 -656 -921 -801 -100 -420 -740 -819 -284 -915 -813 -878 -220 -718 -995 -572 -194 -812 -722 -744 -279 -683 -912 -480 -672 -864
-102 -517 -258 -473 -319 -332 -676 -264 -8 -140 -779 -644 -448 -574 -318 -837 -632 -479 -585 -275 -415 -53 -823 -764 -250 -993 -424 -274 -619 -703 -503 -466 -433 -500 -89 -228 -403 -469 -27 -285 -454 -273 -66 -693 -485 -134 -442 -855 -257 -784
-464 -745 -917 -14 -455 -739 -698 -62 -697 -541 -220 -729 -503 -188 -329 -335 -184 9 -690 -183 -990 -884 -44 -222 -874 -43 -701 -312 -851 -216 -990 -544 -345 -615 -752 -527 -525 -778 -199 -182 -50 -637 -879 -534 -847 -42 -958 -13 -691 -690
-983 -612 -807 -130 -437 -278 -725 -288 -530 -101 -150 -694 -600 -808 -155 -697 -942 -798 -332 -447 -487 -361 -636 -756 -351 -53 -776 -437 -286 -745 -777 -715 -501 -400 -434 -863 -870 -617 -167 -636 -605 -195 -732 -405 -657 -863 -823 -58 -662 -705
-872 -27 -640 -938 -63 -726 -987 -535 -863 -45 -742 -313 -509 -510 -103 -129 -656 -645 -709 -87 -542 -446 -101 -671 -993 -947 -411 -291 -957 -823 -371 -535 -751 -105 -188 -873 -186 -947 -165 -888 -762 -211 -457 -748 -101 -875 -185 -860 -206 -18
-291 -103 -361 -163 -422 -498 -400 -240 -754 -720 -483 -53 -68 -369 -452 -791 -578 -299 -497 -165 -781 -295 -718 2 -390 -488 -768 -814 -117 -657 -806 -342 -244 -446 -493 -525 -463 -560 -966 -30 -924 -616 -173 -856 -615 -646 -709 -844 -686 -702
-11 -124 -520 -704 -59 -524 -1 -346 -937 -22 -422 -274 -152 -274 -238 -162 -89 -558 -812 -91 -877 -318 -948 -591 -768 -219 -829 -987 -125 -313 -976 -856 -757 -4 -765 -23 -721 -358 -778 -970 -141 -645 -253 -164 -123 -192 -812 -167 -885 -91
-755 -250 -237 -315 -125 -780 -237 -3 -566 -194 -286 -967 -871 -986 -492 -544 -947 -152 -650 -668 -753 -9 -287 -649 -528 -718 -744 -933 -394 -589 -857 -276 -905 -843 -475 -528 -840 -566 -132 -447 -103 -585 -707 -301 -1 -407 -45 -37 -649 -969
-678 -750 -187 -309 -159 -872 -516 -722 -935 -350 -161 -54 -677 -633 -748 -261 -195 -418 -236 -974 -913 -998 -278 -467 -879 -363 -436 -781 -574 -750 -105 -507 -282 -497 -444 -1000 -682 -685 -540 -94 -35 -654 -240 -792 -840 -887 -963 -517 -507 -587
-165 -65 -602 -89 -707 -153 -176 -536 -662 -836 -463 -863 4 -661 -662 -187 -752 -150 -330 -400 -37 -440 -667 -650 -418 -505 -429 9 4 -101 -200 -866 -881 -148 -15 -970 -594 -689 -571 -391 -678 -820 -184 -874 -844 4 -337 -790 -375 -254
-274 -129 -574 -122 -156 -652 -63 -74 -11 -35 -604 -235 -64 6 -334 -288 -390 -212 -637 -388 -322 -921 -260 -332 -721 -469 -317 -497 -51 -643 -765 -730 -811 -630 -234 -669 -515 -198 -378 -990 -823 -952 -434 -745 -461 -747 -581 -439 -707 -840
-991 -205 -677 -892 -474 -573 -746 -550 -648 -405 -472 -140 -779 -553 -813 -200 -355 -556 -105 -774 -529 -202 -517 -503 -659 -328 5 -230 -187 -596 -140 -704 -216 -311 -129 -494 -193 -608 -784 -681 3 -445 7 2 -18 -521 -337 -136 -167 -277
-971 -265 -527 -853 -577 -770 -889 -845 -750 -405 -309 -412 -248 -130 -142 -190 -491 -829 -935 -788 -228 -43 -429 -253 -745 -52 -958 -730 -291 -930 -328 -716 -536 -533 -554 -727 -376 -667 -763 -754 -521 -501 -33 -642 -366 -312 -135 -693 -733 -575
-713 -641 -379 -565 -629 -824 -246 -972 -208 -925 -435 -531 -627 -35 -81 -920 -237 -854 -135 -669 -294 -369 -523 -896 -814 -60 -667 -282 -441 -350 -119 -676 -522 -102 -831 -296 -994 -212 -930 -961 -803 -80 -970 -338 -300 -214 -837 -528 -219 -281
-201 -708 -623 -992 -260 -105 -656 -441 -648 -555 -653 -641 -922 -600 -935 -936 -503 -794 -289 -998 -287 -80 -972 -386 -507 -601 -544 -812 -133 -669 -574 -433 -482 -921 -472 -376 -507 -979 -78 -12 -817 -918 -14 -243 -259 -197 -474 -119 -841 -90
-313 0 -577 -682 -869 -408 -951 -737 -856 -553 -1 -571 -917 -507 -524 -800 -958 -900 -399 -968 -197 -898 -327 -123 -772 -964 -746 -57 -296 0 -159 -619 -731 9 -662 -998 -817 -826 -425 -962 -663 -784 -271 -904 -177 -9 -662 -249 -981 -999
-560 -325 -557 -890 -144 -96 -391 -701 -528 -6 -928 -982 -861 -262 -730 -32 -307 -792 -146 -268 -286 -624 -482 -220 -776 -7 -92 -19 -835 -355 -300 -685 -506 -860 -373 -849 -851 -697 -329 -345 -86 -963 -181 -444 -969 -687 -657 -574 -860 -370
-773 -764 -863 -109 -92 -311 -326 -684 -969 -561 -980 -951 -70 -149 -653 -307 -987 -703 -443 -941 -565 -925 -836 -785 -5 -628 -647 -824 -991 -231 -758 -202 -937 -996 -832 -771 -918 -431 -89 -854 -723 -388 -749 -66 -342 -294 -792 -264 -481 -301
-631 -90 -678 -884 -291 -998 -630 -651 -243 -251 -584 -93 -460 -768 -915 -57 -230 -176 -918 -450 -830 -635 -321 -18 -381 -667 -383 -56 -577 -57 -837 -408 -271 -743 -418 -934 -651 -784 -389 -502 -888 -128 -261 -233 -118 -812 -683 -3 -715 -87
-792 -81 -335 -170 -57 -278 -26 -628 -935 -58 -923 -36 -737 1 -421 -307 -7 -880 -150 -454 -644 -782 -808 -555 -840 -792 -159 -877 -9 -943 -477 -868 -92 -827 -578 -621 -712 -120 -827 -528 -315 -476 -50 -792 -34 -375 -610 -621 -862 -876
-298 -151 -217 -149 -15 -91 -165 -658 -426 -512 -835 -218 -139 -42 -590 -275 -837 -45 -791 -743 -625 -204 -128 -987 -289 -282 -866 -479 -989 -8 -54 -809 -248 -113 -165 -356 -83 -536 -150 -909 -746 -815 -513 -209 -254 3 -523 -117 -429 -365
-141 -123 -738 -385 -66 -960 -953 -668 -195 -123 -406 -336 -637 -652 -188 -579 -136 -603 -854 -354 -824 -852 -515 -350 -825 -803 -981 -755 -573 -905 -414 -308 -985 -690 -811 -216 -33 -703 -485 -521 -934 -384 -923 -856 -440 -848 -370 -381 -974 -969
-905 -277 -993 -909 -683 -139 -212 -100 -319 -119 -769 -504 -690 -676 -166 -668 -681 -354 -111 -848 -150 -889 -650 -335 -140 -149 -500 -665 -875 -334 -870 -925 -198 -878 -407 -96 -518 -230 -919 -757 -228 -856 -679 -364 -28 -565 -916 -845 -267 -11
-369 -205 -647 -818 -371 -919 -36 -111 -622 -130 -597 -599 -819 -947 -317 -527 -118 -937 -498 -50 -673 -190 -147 -260 -467 -406 -21 -186 -910 -979 -29 -796 -534 -863 -437 -663 -572 -699 -30 -985 -356 -711 -258 -184 -285 -30 -684 -672 -738 -113
-744 -834 -860 -562 -118 -286 -750 -261 -432 -777 -133 -148 -776 -628 -962 -372 -724 -368 -757 -794 -905 -732 -126 -719 -762 -640 -829 -384 -379 -256 -522 -601 -146 -106 -408 -539 -463 -749 -596 -194 -610 -787 -110 -855 -810 -422 -196 -16 -374 -741
-174 -535 -316 -767 -2 -873 -881 -933 -90 -670 -833 -890 -779 -278 -270 -294 -112 -746 -379 -356 -392 -907 -153 -54 -118 -28 -472 -299 -543 -400 -309 -10 -279 -937 -280 -502 -221 -352 -950 -454 -628 -446 -57 -212 -121 -446 -593 -99 -872 -343
-819 -248 -316 -817 -144 -788 -116 -338 -989 -934 -412 -711 -660 -738 -937 -37 -823 -605 -192 -673 -207 -489 -286 -221 -658 -100 -825 -506 -168 -308 -587 -239 -670 -40 -303 -484 5 -14 -477 -43 -530 -941 -324 -424 -600 -596 -502 -973 -479 -561
-558 -283 -478 -952 -798 -371 -674 -417 -445 -805 -289 -541 -49 -249 -682 5 -501 -887 -786 -349 -610 -348 -377 -664 -623 -813 -213 -176 -379 -441 -390 -206 -507 -741 -482 -732 -810 -900 -999 -260 -894 -756 -582 -215 -50 -492 -766 -812 -946 -672
-399 -882 -549 -143 -869 -942 -829 -84 -184 -148 -387 -620 -617 -369 10 -873 -258 -54 -990 -818 -627 -838 -87 -459 -669 -47 -705 -573 -239 -590 -492 -692 -938 -449 -752 -633 -3 -17 -17 -625 -484 -641 -440 -314 -831 -73 -423 -477 -204 -337
-317 -401 -7 -80 -398 -267 -986 -480 -431 -363 -335 -252 -429 -510 -264 -998 -493 -813 -952 -458 -280 -159 -894 -968 -834 -328 -85 -791 -155 -393 -179 -188 -187 -963 -702 -354 -291 -54 -416 -376 -865 -760 -279 -684 -45 -67 -454 -261 -45 -713
-149 -456 -391 -863 -606 -302 -433 -827 -628 -970 -627 -702 -857 -301 -927 -770 -6 -996 -670 -528 -711 -493 -801 -293 -633 -197 -457 -95 -227 -525 -132 -576 -826 -611 -70 -650 -773 -450 -269 -96 -37 -56 -674 -722 -167 -491 -843 -57 -675 -289
-255 -449 -603 -115 -729 -917 -825 -65 -606 -95 -743 -315 -43 -162 -141 -575 -154 -938 -187 -262 -662 -863 -683 -744 -891 -844 -853 -990 -96 -403 -356 -158 -33 -184 -988 -24 -226 -489 -129 -22 -372 -179 -304 -575 -69 -226 -296 -992 -433 -279
-108 -726 -180 -73 -404 -70 -896 -170 -508 -421 -776 -698 -964 -684 -424 -185 -909 0 -728 -806 -840 -612 -150 -512 -397 -69 -681 -774 -463 -501 -559 -304 -777 -48 -726 -114 -97 -374 -672 -339 -165 -576 -715 -169 -826 -873 -559 -731 -989 -830
-80 -708 -615 -478 -13 -131 -173 -405 -935 -414 -110 -618 -250 -925 -753 -841 -116 -333 -855 -864 -752 -859 -275 -103 -522 -196 -706 -692 -787 -42 -428 -63 -513 -460 -15 -82 -779 -71 -655 -60 -66 -458 -874 -540 -425 -461 -517 -789 -429 -229
-59 -805 -434 -676 -105 -591 -22 -69 -816 -741 -33 -769 -25 -26 -867 -413 -199 -430 -454 -25 -983 -152 -616 -626 -985 -205 -811 -101 -836 -373 -784 -398 -259 -614 -770 -475 -237 -491 -203 -358 -135 -343 -693 -228 -850 -470 -51 -479 -583 -908
-599 -74 -916 -670 -661 -995 -287 -935 -78 -350 -667 -633 -314 -655 -106 -552 -179 -692 -339 -118 -110 -154 -387 -450 -436 -292 -411 -862 -943 -393 -385 -491 -310 -828 -978 -663 -275 -775 -696 -599 -365 -92 -924 -728 -635 -637 -250 -168 -966 -768
-154 -897 -256 -208 -940 -995 -72 -625 -772 -688 -172 -503 -561 -644 -60 -324 -386 -804 -661 -202 -553 -656 3 -161 -899 -89 -688 -460 -271 -219 -302 -967 -121 -550 -537 -755 -332 -769 -574 -740 -371 -833 -904 -537 -210 -544 -275 -2 -859 -902
-848 -944 -730 -883 -410 -454 -197 -143 -715 -135 -391 -18 -215 -560 -340 -180 -676 -829 -297 -747 -42 -684 -278 -513 -234 -285 -673 -552 -994 -172 -290 -575 -593 -982 -354 -679 -144 -312 -142 -651 -875 -782 -697 -243 -819 -857 -633 -676 -523 -307
-555 -793 -212 -746 -411 -765 -127 -401 -320 -419 -501 -226 -378 -921 -945 -974 -742 -765 -496 -13 -869 -14 -788 -741 -379 -519 -322 -855 -870 -419 -441 -460 -299 -463 -974 -245 -138 -551 -676 -300 -744 -281 -887 -823 -310 -342 -857 -794 -564 -378
-997 -177 -25 -122 -411 -498 -789 -440 -728 -880 -628 -563 -28 -60 -900 -888 -532 -211 -116 -353 -896 -37 -912 -37 -225 -971 -251 -391 -611 -732 -611 -550 -396 -144 -660 -676 -691 -700 -282 -570 -752 -810 -270 -962 -918 -813 -62 -183 -241 -899
-442 -635 -199 -407 -157 -105 -732 -880 -273 -182 -392 -904 -473 6 -282 -134 -453 -843 -751 -894 -115 -961 -731 -435 -883 -68 -930 -998 -89 -485 -593 -645 -216 -490 -637 -507 -30 -809 -34 -282 -678 -588 -547 -539 -757 -386 -538 -42 -254 -909
-644 -856 -83 -927 -814 -794 -327 -466 7 -964 -394 -260 -856 -74 -294 -52 -200 -43 -635 -914 -829 -905 -104 -63 9 -241 -281 -754 -425 -835 -803 -169 -104 -608 -254 -604 -255 -837 -236 -638 -527 -796 -493 -725 -543 -254 -372 -833 -683 -378
-207 -6 -799 -302 -578 -876 -359 -501 -727 -363 -790 -511 -85 -390 -415 -256 -229 -906 -958 -208 -824 -579 -810 -705 -139 -73 -536 -792 -663 -243 -141 -21 -488 -603 -1 -813 -732 -681 -603 -891 -929 -202 -455 -819 -882 -781 -974 -940 -709 -877
-359 -312 -529 -629 -101 -109 -315 -31 -826 -765 -451 -38 -524 -401 -162 -41 -590 -93 -423 -142 -163 -705 -57 -660 -174 -925 -618 -483 -871 -540 -169 -727 -330 -882 -753 -438 -469 -396 -208 -60 -825 -588 -484 -37 -648 -200 -214 -703 -254 -260
-420 -516 -261 -797 -257 -581 -558 -353 -419 -206 -146 -314 -837 -407 -435 -80 -552 -441 -474 -217 -633 -876 -727 -772 -738 -883 -732 -186 -809 -105 -145 -288 -987 -828 -254 -873 -912 -388 -323 -245 -177 -607 -403 -298 -740 -676 -814 -136 -776 -656
-592 -541 -919 -698 -891 -273 -395 -295 -62 -373 -376 -719 -543 -432 -922 -336 -699 -928 -121 -811 -676 -17 -311 -935 -237 -215 -251 -166 -529 -143 -640 -191 -580 -252 -644 -373 -959 -509 -608 -8 -914 -252 -592 -543 -617 -452 -561 -728 -445 -537
-435 -827 -947 -551 -734 -653 -473 -483 -713 -259 -448 -129 -738 -494 -84 -545 -11 -78 -336 -572 -132 -57 -93 -754 -5 -166 -473 -107 6 -306 -884 -822 -202 -514 -280 -780 -395 -410 -924 -545 -725 -330 -952 -978 -4 -850 -931 -552 -275 -28
-997 -858 -671 -101 -551 -542 -550 -134 -378 -413 -781 -54 -437 -845 -370 -763 -42 -809 -410 -879 -419 -406 -602 -125 -766 -816 -409 -738 -347 -153 -206 -4 -22 -752 -985 -178 -317 -369 -172 -697 -649 -409 -975 -45 -933 -391 -95 -479 -960 -67
