50 50
184 868 898 233 678 270 115 207 584 877 117 176 187 88 775 352 11 205 282 659 50 484 581 79 630 77 640 159 769 131 75 650 171 82 326 784 640 427 858 246 512 760 421 546 437 252 399 209 722 132
670 41 184 912 972 188 300 803 711 314 562 545 639 124 113 131 748 71 178 724 525 535 87 568 187 644 130 188 502 53 4 709 80 571 600 429 994 74 350 419 413 183 950 568 596 233 809 499 487 800
698 946 56 786 16 283 570 544 22 292 546 70 679 689 191 450 222 414 311 522 197 225 404 364 567 720 984 486 726 674 370 65 861 101 956 267 823 577 433 199 854 622 169 544 455 213 291 391 445 594
291 234 501 938 364 460 972 707 314 491 396 959 48 762 991 307 894 246 521 240 566 949 353 375 950 10 369 401 276 706 840 753 749 995 447 957 542 482 698 549 462 698 685 251 296 516 344 990 529 997
173 352 812 805 916 387 135 654 849 951 973 228 4 949 858 232 705 739 797 412 528 201 976 751 72 90 268 539 622 590 805 316 732 99 74 739 824 927 589 382 625 445 170 756 583 1000 273 155 403 934
671 772 197 11 32 536 678 595 183 276 526 334 77 752 387 744 285 460 663 986 29 505 384 177 605 663 674 660 902 469 973 444 661 886 827 773 943 517 113 65 959 4 146 585 306 373 527 183 70 3
625 258 299 362 712 84 694 488 153 581 283 219 853 341 761 269 371 782 398 844 803 426 915 331 0 941 93 780 293 147 971 644 315 971 689 238 362 741 991 247 788 904 96 784 763 967 39 113 639 957
291 67 815 932 638 819 908 697 234 717 102 710 788 109 326 829 745 741 374 492 795 647 50 153 475 588 985 518 165 710 512 294 540 257 908 389 23 701 614 766 469 367 745 736 349 170 762 416 456 74
91 962 891 219 533 339 424 972 620 457 650 792 997 539 821 426 398 533 662 33 768 213 657 735 751 59 793 156 615 526 947 295 495 879 480 407 419 184 949 174 519 324 485 97 350 469 0 683 409 607
534 945 254 510 527 337 849 50 707 606 245 547 247 421 464 187 283 10 54 862 89 941 469 543 462 891 822 234 808 181 8 879 509 457 255 924 664 49 949 711 521 514 94 502 741 661 325 701 83 124
427 100 274 388 521 516 757 78 5 631 351 130 868 584 88 501 288 759 321 361 678 730 821 849 829 620 185 703 853 751 638 221 787 152 942 172 246 615 332 349 854 634 77 6 732 160 311 911 515 507
621 465 761 309 826 576 886 653 430 979 381 864 46 115 266 842 820 878 137 856 729 301 464 651 826 837 259 659 504 779 971 630 769 672 731 132 245 973 455 18 776 491 2 386 482 767 488 744 251 268
183 442 764 257 580 567 854 385 793 526 98 856 386 165 149 920 219 336 615 870 337 826 216 764 918 942 66 129 951 803 9 466 591 405 447 940 457 865 346 390 183 506 758 106 106 218 599 358 97 565
813 537 531 69 118 155 748 741 869 634 143 518 298 205 893 221 693 455 522 597 575 714 152 152 828 174 915 614 414 628 880 186 991 14 294 239 972 671 825 902 360 31 171 933 60 336 564 251 492 395
267 358 997 148 620 10 503 30 280 41 157 401 592 933 823 62 457 879 22 861 746 393 218 451 896 15 568 179 97 110 278 862 92 662 592 353 802 865 166 196 789 606 397 885 649 868 100 722 588 307
412 150 831 838 895 989 576 622 196 977 463 600 835 913 994 913 370 578 90 808 251 978 303 757 550 777 144 1 793 550 492 717 6 865 280 396 362 28 514 763 347 574 640 973 117 109 920 195 524 470
921 251 258 55 175 839 477 55 170 712 163 749 581 180 193 687 164 642 382 968 989 469 378 331 613 198 974 968 189 656 46 826 362 409 197 346 752 387 701 28 285 686 283 699 898 454 462 113 798 326
892 807 467 164 59 231 749 378 145 962 920 845 200 110 311 279 184 118 652 587 425 210 58 406 384 377 464 902 188 519 594 1 950 30 772 784 682 220 892 290 434 848 271 615 806 90 833 314 879 27
933 476 557 990 873 689 981 516 657 269 942 254 892 276 637 375 284 351 737 737 5 873 52 494 766 435 0 994 41 325 551 451 384 923 24 60 802 542 423 813 825 290 277 491 466 770 340 710 668 68
535 452 916 401 524 112 185 349 88 606 962 592 687 947 133 579 689 412 349 397 41 501 389 200 598 434 563 906 704 701 422 67 101 194 395 706 119 461 469 28 233 815 585 132 229 387 543 283 713 872
137 957 39 187 622 505 543 113 442 20 55 711 816 98 19 987 682 350 245 896 203 558 45 752 699 284 138 460 453 658 181 186 24 867 33 922 619 899 481 477 711 336 656 173 881 408 402 579 994 358
828 477 431 595 796 215 339 36 320 481 278 229 295 460 417 761 466 738 623 824 636 572 772 766 211 153 890 764 187 932 463 172 348 573 529 900 302 579 130 692 857 651 12 647 462 913 785 500 615 420
500 717 647 808 457 954 200 65 988 730 769 828 25 354 76 489 875 281 495 29 965 347 686 147 818 426 922 41 268 594 846 682 459 240 907 413 621 492 688 379 801 128 801 755 560 298 801 263 343 883
412 655 851 966 541 792 619 510 519 865 622 648 242 36 493 143 81 775 277 151 702 863 833 421 548 715 614 394 122 879 271 63 255 274 411 300 781 204 977 285 483 282 996 611 196 88 812 963 522 585
755 841 395 715 137 787 409 763 323 387 814 869 861 692 72 833 566 384 232 642 540 248 770 689 48 185 260 174 11 893 583 721 911 136 166 643 498 289 237 697 832 488 460 577 119 998 537 285 842 785
855 470 894 701 398 784 657 715 4 172 667 447 218 51 146 912 945 974 382 397 468 603 289 582 838 295 601 795 629 839 166 645 853 105 207 371 26 679 994 515 923 617 503 252 421 923 362 116 664 533
397 557 379 732 402 597 384 237 866 36 620 758 855 252 617 482 906 813 703 556 720 441 265 995 340 539 931 598 114 998 764 269 866 463 392 567 303 908 388 89 345 140 545 162 401 267 609 268 586 479
602 100 762 866 5 395 747 857 882 595 562 849 543 664 881 619 822 740 974 397 167 448 389 71 612 508 601 956 736 570 128 291 880 580 292 555 804 484 272 540 436 294 813 671 483 911 645 137 983 727
434 229 175 89 515 413 917 446 379 794 378 813 18 678 960 603 379 448 846 319 556 331 622 815 194 394 830 672 312 710 701 659 128 932 928 994 459 815 771 233 571 405 103 350 22 49 905 120 733 317
604 190 821 8 476 722 558 313 135 81 183 833 816 353 517 520 764 880 229 517 191 372 436 606 605 869 398 587 625 557 621 409 650 590 544 673 538 669 639 399 279 878 751 505 116 322 985 24 503 101
494 196 642 116 816 803 751 751 136 811 128 1 994 71 98 1 904 718 941 527 777 502 450 669 675 224 469 155 104 300 336 121 261 551 932 857 213 385 197 541 8 110 176 429 812 490 689 715 452 880
429 910 15 139 930 300 338 977 886 218 123 688 912 447 891 156 324 820 687 585 813 374 579 146 906 663 362 884 41 566 767 543 139 718 455 234 468 720 343 27 145 339 784 791 186 78 437 691 166 966
328 380 355 338 165 775 753 508 813 830 206 85 931 251 571 774 722 52 106 497 215 626 177 975 854 522 86 959 363 618 569 17 392 82 661 751 509 45 885 301 434 967 190 787 47 891 940 918 416 696
469 590 314 240 173 641 967 368 987 609 739 121 813 130 388 392 67 333 833 453 799 139 902 257 465 480 629 284 188 540 23 815 927 576 933 337 769 233 379 133 561 857 732 814 680 183 763 311 706 192
208 145 929 692 423 548 319 844 736 369 493 454 812 78 49 135 731 532 826 948 593 107 617 832 738 131 752 748 916 654 205 340 756 343 32 682 759 877 586 799 832 247 662 778 113 222 925 915 504 0
479 522 902 868 94 663 898 142 907 965 478 683 889 951 592 91 699 407 766 686 408 903 210 121 783 978 976 443 716 808 357 24 158 500 51 995 983 969 885 226 955 604 951 851 39 1000 7 618 338 788
265 227 867 129 920 361 161 70 497 483 303 958 850 753 382 519 268 427 889 461 77 284 181 540 887 542 828 686 169 689 914 657 995 564 375 801 89 654 921 224 157 249 287 128 566 197 989 105 864 465
971 860 475 302 238 177 261 718 301 210 464 288 46 240 905 266 560 596 696 626 429 63 284 865 836 896 188 989 418 854 866 277 960 686 454 112 296 891 250 194 698 407 913 190 571 632 929 630 418 634
846 749 271 326 73 613 432 566 984 433 640 994 735 157 962 131 394 192 329 782 920 336 853 969 118 328 380 941 665 43 455 263 901 881 848 700 15 148 472 975 308 497 264 329 948 872 394 834 928 103
435 945 924 618 592 919 936 597 986 197 95 436 808 78 369 999 938 378 380 244 941 760 487 166 807 442 627 525 501 536 230 100 421 979 626 646 672 685 769 486 422 62 731 877 422 496 79 853 491 744
967 216 216 627 686 275 258 255 374 196 212 313 540 487 835 858 393 461 425 668 848 459 626 589 161 164 207 338 812 14 335 882 87 416 63 176 312 393 462 439 300 482 12 327 299 918 246 244 644 0
672 979 862 932 637 408 355 295 259 896 54 613 986 299 709 294 507 664 827 883 294 92 322 752 543 773 809 467 377 2 524 316 529 680 736 376 748 338 939 921 214 484 193 805 696 44 835 835 62 666
900 865 881 686 291 688 120 891 510 277 790 254 666 831 457 838 882 636 670 789 572 224 827 851 596 262 382 760 315 786 894 623 194 162 85 948 696 3 953 448 446 341 312 100 720 709 58 520 54 550
742 821 812 698 161 725 277 467 546 414 320 1000 595 965 412 99 528 200 576 65 803 732 449 949 730 337 367 839 804 275 800 311 355 589 315 621 486 549 153 408 612 796 25 825 190 6 327 298 683 268
217 146 345 683 566 486 261 733 87 316 300 158 428 453 777 507 771 331 618 407 85 631 792 456 855 775 950 359 846 525 961 288 833 215 564 179 465 31 9 68 759 299 783 41 784 780 797 666 344 259
999 778 842 328 910 905 260 705 567 683 142 556 126 366 875 312 760 996 852 119 883 961 986 486 664 30 207 728 117 667 238 622 94 229 758 150 388 966 987 261 267 487 710 219 310 947 647 487 107 932
974 236 140 602 272 709 1000 108 502 219 793 226 984 208 676 294 736 762 636 885 379 472 756 843 667 761 538 60 993 920 682 514 936 334 262 129 433 293 101 460 19 297 671 840 269 927 791 132 264 190
29 498 392 773 693 530 375 22 830 60 222 216 177 79 22 841 209 864 370 522 318 973 107 642 22 652 959 503 820 652 265 99 206 686 14 267 569 356 571 258 499 532 820 592 866 416 2 578 752 638
419 277 985 659 540 17 644 813 397 304 507 582 324 923 444 913 943 475 928 272 829 989 176 966 154 425 765 835 154 237 52 795 896 94 249 739 983 38 274 393 286 521 482 912 764 671 242 557 394 925
102 988 721 361 973 288 646 799 502 401 367 975 638 517 420 213 978 37 387 846 636 931 114 476 98 117 414 634 649 568 518 304 245 55 923 621 47 670 888 16 666 863 490 645 737 416 374 928 23 429
