48 49
-556 -312 139 -94 798 213 -252 -223 463 -613 135 807 813 93 439 820 -832 266 -414 888 -860 939 704 -853 62 -540 -632 903 37 923 474 -274 -851 -432 -592 -711 -220 853 -223 403 231 360 281 522 561 -907 -878 492 368
169 -500 -700 -146 -812 -902 698 -475 -566 3 -144 -392 545 971 -160 -940 -525 345 384 -490 317 164 941 -18 39 740 815 351 696 -671 -86 563 270 120 685 270 -256 -193 -29 988 -615 320 172 605 -601 -495 -412 -185 -219
935 -496 -618 142 224 -901 263 968 885 100 703 981 -992 804 381 -750 983 750 713 -420 825 172 381 -206 -9 359 -1000 -182 -616 -563 -166 837 -271 438 -457 -351 -376 652 -515 499 -599 854 635 -648 -13 885 -483 322 223
458 124 469 -362 -681 550 -674 887 644 501 -214 -828 -571 -566 -230 607 163 -178 -245 -734 -242 366 -99 -62 -717 295 530 -571 -83 369 -550 870 688 42 -289 837 283 931 -291 359 389 348 785 848 -721 -249 -238 806 461
835 806 -565 -520 324 -449 -935 878 538 796 -698 838 -282 -164 829 661 204 819 466 -309 444 -566 -950 -650 -860 -777 -790 -947 742 -189 360 -757 -682 -315 -675 273 -149 -313 -25 -486 716 -204 -950 -456 -125 -409 955 -45 786
-970 -920 803 329 -706 -822 -548 940 438 414 -87 -558 161 545 -524 -814 -142 185 470 -500 390 -811 -542 529 -191 -773 215 833 314 -795 -54 -390 -35 -727 -372 -988 -245 -380 125 -917 477 -663 -64 723 158 680 774 -99 424
212 -647 -615 251 690 -701 -630 460 -300 981 -652 547 -35 -459 -343 885 -40 925 458 -232 247 -273 958 913 -58 -346 -829 -657 -82 903 -3 677 -523 327 992 35 -741 -846 -920 948 767 -123 270 -244 4 492 588 -468 996
962 -953 -581 -660 -297 480 -151 170 -856 -445 -412 -122 968 105 -930 48 -361 649 -343 844 376 62 488 -447 -469 625 -571 -861 -950 -992 469 -77 295 -529 -257 -143 874 577 -89 506 743 -466 -321 317 -826 -68 -23 -231 607
448 -854 -300 169 320 188 159 -40 655 709 127 -107 907 697 726 910 -429 -732 53 649 -311 992 -767 574 -597 -257 425 844 731 -985 -169 343 -396 831 -924 312 -64 -74 615 -319 200 547 223 -589 -762 620 -560 477 -499
-177 -214 -553 -671 -549 -186 431 -19 -109 568 133 -935 942 -707 -372 -866 686 444 -811 -426 494 245 646 207 990 934 -861 426 -437 116 -749 -852 -934 77 -872 -702 350 -178 247 132 673 -316 -285 -829 -516 -15 501 616 225
368 786 -983 264 -258 -271 -377 -906 -301 110 844 19 691 -234 123 -127 -598 -424 273 130 -465 -336 -89 68 -390 -793 -181 -202 -874 901 434 -63 -98 906 203 -372 -221 874 -162 -554 527 278 -649 968 940 -252 -278 270 -609
-908 -468 654 993 712 601 -341 112 -642 -242 -537 892 -558 -82 -792 439 278 917 -109 -762 -450 17 453 -814 -945 12 94 581 -22 119 68 194 817 283 978 -410 -352 -910 -39 783 -104 -361 -671 -808 793 -516 354 -746 -337
887 541 -360 156 713 -294 970 -359 105 56 -273 775 969 -549 -768 68 -273 828 -67 -185 -810 -511 -968 -290 617 640 609 525 -248 14 -429 -578 -32 -187 -599 235 -206 -168 112 -962 989 -224 887 -965 745 -296 645 364 975
-996 61 224 868 556 238 966 348 214 -482 20 -963 396 189 -873 125 -350 -850 -649 -234 529 -510 802 726 -112 -672 -997 -581 -489 -680 -448 562 470 932 -371 572 622 397 -620 -422 9 -481 -720 -224 341 -966 -39 -320 -955
792 -906 365 728 -415 -766 -429 204 -528 -137 -847 -460 370 -686 -913 -885 -724 542 -335 -123 942 434 -235 -242 169 995 311 995 11 -940 -550 396 12 319 773 -122 -690 117 -120 391 712 109 -407 720 246 -637 906 336 -519
136 112 471 669 -875 129 -112 499 7 343 -71 -845 -347 214 -574 533 746 822 -191 -350 915 952 457 -118 361 817 362 480 -130 -200 724 522 85 531 -752 -610 -252 354 296 137 223 23 292 -81 129 729 121 -14 -863
983 -679 365 152 -772 165 -25 925 -707 96 620 -603 329 323 671 -460 -492 65 -684 955 948 -355 -707 397 802 787 -835 -950 54 453 -136 -498 719 -713 786 -91 883 141 109 272 570 -690 -993 963 647 -72 476 156 996
861 -946 -135 974 -543 -900 695 103 866 -62 273 -455 665 896 755 893 932 -680 394 -340 587 -965 -271 185 470 -423 -167 328 -295 -66 -399 495 363 -127 -698 -641 -704 -754 -251 333 82 503 -367 -767 731 -215 720 580 979
-435 -724 446 -816 625 -773 992 -524 -359 -898 403 -350 -950 717 -487 190 124 -588 640 -39 -827 65 -258 -699 -161 -675 225 -789 -777 -21 92 -380 184 8 -41 -890 70 -755 -986 -310 149 -39 -104 919 -768 107 521 43 -596
266 -333 -120 777 47 929 750 -95 -699 -834 -727 165 -623 211 -121 619 -665 208 -958 826 -956 17 -835 619 -759 745 151 -950 1000 -182 568 580 -666 15 676 655 102 -306 -828 -54 -630 -688 381 255 775 -74 891 -300 67
549 448 972 701 -701 617 723 846 -27 -195 -186 -586 -477 -433 868 507 830 -687 348 882 828 -281 513 365 -814 -441 567 18 79 -409 -211 -465 -556 -760 -950 -843 956 -459 203 461 -986 -160 784 281 252 405 -151 405 -282
-856 58 113 921 170 525 -588 -782 241 643 -805 159 -338 425 -501 286 -601 -23 -957 -618 -493 325 -192 160 -303 653 -766 -462 202 640 153 -780 -940 502 9 543 997 488 258 -301 -43 -87 -673 996 -700 8 -613 -229 -300
202 389 -743 858 -12 -555 -445 734 -260 -87 -742 617 311 438 503 -677 -708 -78 -331 -208 -466 54 -675 -668 -78 -910 331 542 520 628 274 855 -993 -302 774 757 753 285 617 -491 496 833 434 -661 -357 521 -806 508 381
-218 -800 -335 519 -744 -14 970 -332 990 -696 -935 213 -863 -560 -535 221 -244 858 970 285 -258 -246 -750 -575 -965 894 729 756 209 -377 833 988 143 -324 -618 102 856 -304 -149 506 -315 -369 469 -60 324 1000 795 188 -276
-684 -687 -296 -890 504 -317 -647 23 -129 49 -509 -805 -974 -181 404 999 193 -513 910 443 856 -40 944 -50 797 -399 -922 971 -837 735 761 -326 606 843 773 -151 627 20 -565 257 924 -141 129 275 -463 -806 676 144 221
-400 -340 759 -168 255 542 -289 844 215 146 373 -137 -449 210 271 -722 295 -42 20 -332 269 -831 -86 704 850 588 -226 898 -433 572 -232 -99 -702 -150 662 -924 -616 -229 736 622 23 752 -240 654 -15 855 -834 663 863
508 -405 289 443 -436 92 -864 763 -721 128 938 -697 -780 824 141 -692 -653 -387 463 -266 437 504 -303 940 -396 -30 -21 -164 292 -820 -574 -322 454 312 373 52 404 -520 -973 237 -373 120 234 -737 97 -958 26 662 -916
-915 322 531 421 628 -427 -276 -123 943 -104 691 701 73 6 -143 826 -293 -794 4 838 -707 896 -1000 998 -943 232 -162 724 -260 788 -198 445 403 -843 -307 -401 284 683 -366 -765 -517 -276 232 202 999 -11 385 -880 463
738 -793 785 -210 300 -751 -385 760 289 -814 627 -708 477 379 -176 225 548 -875 599 -138 -116 -68 -972 187 257 885 430 -212 88 -812 464 -188 -289 591 -797 753 519 184 -555 -618 -382 -512 668 418 -284 -687 -694 -280 895
-178 93 887 591 -785 -698 60 -531 90 369 -57 -673 694 852 -480 963 -819 243 828 -254 282 -506 148 -745 449 -182 -427 -448 -629 -478 -770 -468 851 -478 534 -787 299 -778 937 -925 -620 -893 627 443 638 117 517 500 -690
-37 -490 898 -917 405 160 -874 -210 -642 -503 -900 -831 47 -439 292 -126 691 -374 225 -406 -195 -880 729 -389 758 -396 -603 -554 426 -605 -972 -213 18 -353 93 -572 -512 -527 -36 277 -695 -972 850 159 -84 -565 710 537 -505
439 -425 -573 -728 -503 -77 -433 -231 746 450 -618 881 124 -583 -522 775 753 -187 -145 -488 23 -406 16 960 37 -307 -645 916 -842 -704 285 -292 925 -503 856 58 -691 -940 483 341 -142 727 280 -654 -288 -677 -50 304 -141
-850 419 -577 -906 -446 795 -661 334 80 818 -313 -131 -178 877 211 308 -902 744 365 523 -755 667 -446 699 -350 -745 29 -993 -300 610 -714 10 -725 -379 -98 -466 109 -923 -332 -187 946 -954 87 196 -918 124 323 694 -662
-309 -744 83 228 75 -787 -66 836 3 -919 648 -696 -337 359 459 -739 -897 -630 -451 -738 176 -665 -269 214 845 693 133 -518 -3 558 -520 40 -946 -539 943 573 740 70 839 723 -343 -294 588 -941 69 -407 -299 613 -39
508 -576 958 -721 484 307 2 46 -151 147 -38 682 -242 -21 -185 -344 -667 -753 -258 988 637 -284 293 791 -503 854 815 410 967 8 432 518 -355 -452 296 -124 482 -436 -527 4 -519 467 419 -987 -371 -375 790 -148 182
856 9 -522 65 668 833 -219 -183 -840 913 656 -618 -720 196 -511 4 -183 328 -725 -538 331 -35 -31 -440 638 758 -328 953 46 -797 545 -413 -973 -421 -523 951 -956 -27 -925 -882 -982 935 962 -420 -873 285 579 -221 -598
412 -200 -667 201 -720 -703 721 276 790 -782 789 -326 -456 406 -578 184 518 611 -380 -195 -740 559 296 -873 213 -86 -112 211 -371 -609 744 461 -758 -974 -645 -868 -731 915 -464 831 224 410 281 -369 840 -398 57 -689 283
-990 188 831 905 -562 483 -566 -402 249 -994 708 -390 665 -952 -999 -552 -673 -471 543 449 -955 700 519 -672 656 672 -421 -816 -756 -619 223 -946 -895 -703 -248 466 272 525 -108 168 -375 637 207 -45 -416 931 -920 736 -47
-501 528 -877 -634 -820 39 895 -990 -988 296 -80 -917 -780 726 -807 315 253 217 -15 632 601 249 -134 -354 995 -957 889 688 830 -292 -752 932 355 -231 661 540 506 -871 -298 291 548 -298 677 889 650 26 -197 -284 522
155 929 892 -153 526 -982 359 176 657 668 -901 -172 488 92 -743 -345 484 -949 713 821 915 954 373 -824 -295 296 259 -534 -77 703 -68 848 973 403 -976 -109 395 18 -985 -581 -684 332 -285 272 985 -141 -272 575 423
657 893 358 295 -92 -27 594 896 -52 -566 295 903 -756 840 -853 -466 436 -621 798 990 740 11 939 783 -940 -478 -723 100 500 -184 607 -620 -862 -437 -983 -176 706 -669 -683 -278 623 -72 92 -656 -715 563 654 969 459
-323 946 528 -714 894 989 -351 -837 -239 -341 795 352 -952 -215 91 853 512 606 -217 -176 291 65 -256 -969 -181 -245 382 839 74 -583 -43 874 471 843 -996 -668 -695 -602 303 239 495 327 -330 -21 570 -570 -332 -941 -311
164 700 -155 -598 267 721 588 244 336 359 -96 -470 891 799 840 69 -951 -666 606 -307 266 45 -329 915 -98 -999 -631 -63 976 -581 674 887 -445 -495 808 -111 311 -296 118 -30 226 220 -116 90 208 159 -726 -623 282
-10 77 567 -104 773 -724 882 -191 -955 -373 -908 -759 916 -796 -834 383 605 9 971 518 251 -629 -895 -116 289 -370 906 -566 23 238 501 -792 9 184 188 66 -798 935 -268 235 960 913 -30 496 -525 -810 -706 -501 254
435 -376 17 287 -915 861 -538 -433 -140 384 253 -13 -69 -81 -153 231 58 -127 715 817 -789 238 -731 522 -908 13 -524 820 582 -718 -482 -923 -12 -402 571 752 -469 53 230 -997 -689 -400 85 -61 370 456 -104 415 844
517 225 -166 -921 132 325 -404 -299 975 -353 -221 -865 -554 714 -75 982 -595 -877 -606 453 353 -217 -24 -105 -989 -310 675 19 -124 84 -690 61 660 873 519 409 358 430 -414 642 894 151 -464 -827 -747 676 -26 -738 399
83 36 -280 -324 967 925 573 -481 389 938 -361 -395 983 601 -552 -310 58 -25 121 608 609 -923 -329 -928 -922 550 975 -519 380 -626 552 335 -583 -15 679 650 -42 325 866 -914 967 -258 -397 108 63 531 510 366 -787
879 -64 -852 19 -42 408 762 -225 -60 -772 601 584 633 267 -344 -955 -999 579 141 -616 445 -135 943 469 480 619 56 853 579 731 -650 867 -402 33 -250 -722 838 880 -115 88 -20 -396 751 406 591 -283 -556 164 15
