50 50
59 -84894 -69188 56907 35189 68422 -37516 89063 -95831 -63156 98290 80188 -81992 4952 -71323 63586 -85381 37520 50183 75611 -70412 41953 -95145 87138 -64532 -38290 -26926 -73354 70784 53144 42171 7316 85541 -64177 44283 -10657 74849 92015 -66619 -91112 -55076 -83083 -54035 34106 72070 -57590 16486 10070 37007 -34906
-52688 -96354 39246 -25739 -77546 92509 -68958 37953 89885 66566 60772 -75688 21174 92549 -12591 -69793 13603 37783 3163 41419 95026 64141 -66929 -74424 -84492 72287 2669 40547 -18824 58128 80448 13711 7506 -33439 43984 33860 56067 -36511 41182 25430 -97613 7242 7379 39975 99784 -85640 56798 37728 30226 -2628
-62247 53097 84117 -13029 -64405 -93951 41352 -59268 53670 66800 32652 56948 63267 -51293 6605 -90994 63946 1583 -60167 -66193 -28559 -42544 -30855 866 5774 -13392 55210 -46282 36307 -26109 18688 42329 62029 -11396 -75687 -27703 -25719 -33355 -62988 28393 98777 29471 -59632 14243 -4959 69887 -22426 35334 -48576 -25995
97103 6710 46460 -9748 51395 -22133 6490 70551 -93353 -43694 31412 -83449 -43887 45096 7408 -89048 17493 84324 14776 -94167 -3521 -21544 -95407 -30551 71757 40058 -82688 -79249 81952 -7270 -15602 -17252 14105 -33385 -50807 -85287 -53954 -29018 -84244 -45614 -37773 -5815 24145 -32994 45791 35494 -67959 -97361 99391 -94022
18468 18557 98216 8352 34738 -99353 -34728 -35597 -13997 -14886 -35866 -86150 -78274 -73865 79265 96467 7909 -98149 -98460 -91545 19726 -16595 -35315 -68612 2461 -88216 -74509 -21207 17992 36542 -27083 -8529 69419 55135 -24423 15179 69640 79930 -22631 83735 98497 16168 84122 -67638 44943 -15234 -53191 -52984 2659 43713
96146 90638 -70351 -81099 37347 -41453 62384 47733 -6007 -64945 99344 48198 -47890 85863 -4068 -75287 67755 -49569 51873 51462 38811 -23364 -81643 -43853 -6079 95505 -93999 35376 25774 51069 56411 -79322 12481 -8714 18620 -41205 -73949 81915 35164 9557 -14455 -7053 -48920 -75378 4554 32473 -56402 92141 -69657 -72947
-62773 -33461 60089 -31912 7541 52395 -15459 16789 -46412 -86417 26126 13568 29514 64685 50586 -27699 93841 22849 -22237 -66487 59133 -57408 -3338 51203 51066 -60956 -58989 -58141 -89156 42017 -54996 -21874 -27373 -16934 -90971 68285 -89496 -51451 -78478 -8932 -71885 -80661 -92116 91189 96531 98156 -32989 -85626 -77241 19509
52232 -16185 -33059 37799 48546 22379 -34388 44480 79263 87569 -11183 87711 -54705 -59851 -1938 -57018 41341 45410 -65102 -51843 -25849 -8588 -84113 -36376 34562 49456 79968 87443 86660 96945 75168 -97758 32406 -88379 -9912 -5497 -44802 43382 -8464 -20309 49551 3692 75323 -26162 54137 62057 -3366 65245 -39340 89697
-7447 -98256 4882 202 80825 18015 56069 92656 10717 -13342 30394 1279 -50979 -16144 14205 94574 18238 8751 3960 57551 44484 -31399 -29875 7356 39785 45602 58864 -8832 -58101 -11725 91819 -95327 -52106 31734 42808 -60199 63458 -82029 29611 16438 -49171 11055 12820 62159 63883 -65314 -41640 -36858 53917 43029
52945 -90643 49978 60602 -25145 -7670 -78576 -80183 13878 -21108 45570 36773 -50008 -46491 12941 -61352 -46301 59634 93449 74964 6950 83439 -77513 68510 -3309 1015 -53332 -1939 40592 58046 61653 -47577 85500 -38008 -90278 81032 65915 -8793 64034 60713 -62600 -42968 -11862 -88743 91010 35591 -46922 7814 -88144 93724
-11715 88653 -71630 -26258 91817 -94962 -81586 -3916 957 -87472 -24377 -44228 45592 -62973 -67826 21475 19168 -20996 62223 8684 -17762 45822 83882 -55385 66254 -52481 68461 3679 11971 74318 -71695 19997 -53617 -98438 -70438 79427 -46251 63211 75572 -63402 -3943 43997 -51634 99508 -88914 25039 -73065 -14155 87725 -70007
-61282 18694 -33811 94660 -84684 59888 21968 17778 71165 44249 -31999 51209 47663 97343 50160 35722 -91992 -90739 76430 -92499 -31191 -81343 -34401 49022 33287 -77369 65476 -61406 59855 -78930 -59892 21314 76117 11554 -7343 49854 -51885 -89591 18464 32856 7602 -71258 -59512 -8813 -88835 -50930 52565 -64151 -82110 92195
98429 -53963 79076 97265 -56361 5222 -31804 -43444 14519 -10650 -84013 78351 -65662 95647 -20901 -35327 68241 -1517 17637 -16433 81115 58062 73086 -94132 30086 81582 50730 -61785 18775 -14865 1389 65114 -73771 81290 24372 -31626 -10288 -23403 -5474 -65259 -16974 87059 -92100 36453 45747 79206 -47223 89579 -51268 -44578
73317 50389 61265 15099 -24791 -34107 76694 -38539 45626 -23503 46078 -73941 6520 -45590 -65797 79251 -89788 -25253 -34785 70349 -2604 -52245 -58572 -92651 -95153 -41890 -94337 -90440 95340 23239 -32973 4004 -77490 91425 67838 -79098 -37135 46950 -77382 62894 -88038 35415 -38324 64784 21602 24028 -79663 85703 -9628 -91195
6950 -31988 16754 -80034 37260 6320 -6625 52249 -9938 67581 27748 -48470 -93911 -94154 46062 -63869 88965 13965 9734 -30265 17470 -92008 -45993 -22078 -10012 87090 -62418 94015 36183 58942 -90128 13742 9429 -92957 -73947 53412 -4542 -14358 -54393 93060 11360 -89090 -70801 -62264 -2998 -43308 24580 29153 38367 2096
-39884 29603 28041 27645 13173 -34670 45067 -90675 -64120 63812 90394 -76288 73893 17121 43458 26483 36639 36115 -40967 -21744 -22069 73580 -26197 5470 26653 -85061 -88189 -97439 14030 78586 -62241 -75839 -92973 -84471 73865 -50263 -15115 -16491 -79459 21732 -85323 -42678 -14603 30359 74955 46237 -58688 48809 -70443 -52932
-62832 -50275 78668 55883 -45585 52283 2881 -61087 -48850 76513 -30741 9458 -6550 21641 94055 64115 -9992 -71118 -26124 26727 26686 -83728 84745 -94908 47670 96151 52655 -45984 -1591 -9754 18040 -65004 -3962 -87251 7413 -29228 97250 78438 -68261 10475 89276 -7748 -41797 7028 -66269 11614 -90623 -46285 13984 9947
42942 -80245 51517 80877 35228 66269 13080 -84613 -71022 56111 -47673 21684 -27252 -63589 22092 -26173 -31396 77713 60657 10535 39737 -87502 54117 -53390 12174 66718 -93222 39296 36650 -9388 47124 81373 -5401 -11022 -6949 -63142 -30829 168 -50541 -77581 58272 -10093 47320 49719 44612 12985 91793 -67748 70947 -49900
7007 94709 87338 18379 17505 57520 77740 -40850 85419 39849 48958 4433 -24458 -97572 82794 -89506 84522 -93319 -54717 -99509 62198 -44623 -83494 -95557 50444 83557 91839 25711 -21301 -57413 -38687 -54601 31460 -40441 70582 19083 -67978 56593 -30665 92053 -75286 30661 83665 -73448 -65121 -42339 81416 -17821 89129 -58233
-40414 28414 41955 61270 -48203 89638 12374 78669 17873 59404 73596 -5589 -54393 5392 -40278 9917 82340 -79577 -86475 98697 76857 63958 91994 19003 96671 -69954 80104 59185 -86312 28143 -30077 96650 54307 -12679 81407 -43124 -43407 69429 84460 8027 -87546 71666 68449 -99935 56611 -65211 20372 69788 -11037 4751
-60749 -79229 -93275 -36714 -57859 -55745 60046 67838 8150 -5970 41788 22458 -94461 83760 83094 -32771 -64537 52760 -81138 -87117 50647 37385 -75967 -2630 -80360 -37312 -5062 -33827 -26375 59071 11049 35402 67830 -41105 332 -39892 24016 -90308 -50271 23787 -87560 8141 -67061 -72218 -22263 -38520 -14237 -550 79350 -63839
23309 19692 -90237 -43180 -30588 -76458 -62876 -91633 13434 57945 -73585 -2048 -54181 42453 -95796 -29511 92232 -39033 -3654 36552 -50572 61794 -47318 63729 12500 -67016 49879 -21282 -1490 -94134 -14415 1588 73118 45039 -96469 -49481 25449 47836 -19570 -18058 48811 46574 -33294 32392 77493 -48616 80791 -87514 -97038 49303
-43311 -38425 -53647 -39413 -47425 -62687 99108 48180 50600 -96022 58670 -51743 -35540 -36272 20056 34112 -40958 -62661 -41771 -13243 -4020 86414 -31861 78117 80354 6527 60244 566 -17838 62481 -62533 -14959 37777 -52870 -78259 -92430 16859 -94556 -73635 -78329 -20877 -93146 72161 18236 92785 -84788 -23991 -98264 54 -49707
-8595 -94785 -43826 40912 6284 -1567 -58411 1755 -301 -99075 5478 65990 -77315 -94318 -59025 91410 26665 -51164 -1669 90348 -53092 16726 -18131 -18922 45880 -99630 66066 -92553 -90499 75552 -15825 70183 -69122 -31903 -21129 39338 28482 89338 10783 65391 68876 -65140 27267 -19944 29121 26668 26929 84173 14843 77269
28016 64661 -95704 89526 31750 41695 40312 -47865 12646 -21808 -89090 68943 87785 -17103 -96121 83867 -2693 76632 -95950 21201 -36741 -45089 -34742 57099 31565 -25323 67689 -37115 -15274 77736 -27300 98341 -23874 36680 -71244 44189 56266 -52919 18847 65107 33219 -83121 44997 54017 30896 59384 31915 37627 -25287 62591
47207 -77023 -9807 76149 -15310 -94310 -53494 49416 66976 6268 44581 -38748 39483 64723 34644 -2414 -97446 -95192 -81777 -25693 37320 51880 90668 -89153 14747 19205 72880 47270 42896 26120 15439 -27191 38177 53022 -73360 -5248 2138 48187 -23548 -61228 62024 11721 -39772 -53875 55108 50610 -37509 -20188 -34788 35701
15305 28202 -90427 87199 -79249 84820 30926 33482 82037 -5950 -98156 -83658 -74724 20053 28814 51744 14932 35969 40356 -47487 -93399 24032 -7563 -41653 -80581 11360 -84137 -99864 -7439 1877 42431 -87183 -6781 -92169 53460 57765 11473 42174 -93663 98123 -95697 -49514 42418 -72305 -23194 -90724 86355 98081 13049 60041
54012 78161 87187 -18346 53708 29213 25420 31853 53669 27811 -87770 56860 -40091 -77785 65478 83759 56446 57777 18724 -61904 71410 -62006 29140 83342 -30331 -20482 56085 -21708 5146 -52557 -65031 59827 33325 29438 88129 34995 -8515 80088 -19291 29124 -45109 -3761 87730 91894 -67787 -57907 -76035 -41814 -30315 -65251
31003 26223 -13166 -48427 -11102 66896 -4859 61498 9568 -24398 24288 -23569 24863 12259 7802 3233 47052 -15214 -66435 -75034 -29074 -62174 -47748 -88005 -21388 93155 49340 -51766 24072 67250 -83987 -5269 34416 73901 8091 -32281 69793 -22475 -10559 62752 -35365 93262 9481 46523 54523 71818 -48108 90634 -78346 6104
-1274 12267 57505 -77172 34557 38393 35813 3450 52071 -24703 15575 76664 90931 -74806 287 85826 23857 85219 -81138 -26783 61005 -87913 -96352 6884 54310 -18805 51313 -41727 -62031 -58166 -83215 39060 -96284 -93504 -78381 -38496 -27997 -66738 19875 -17146 -85579 58382 -93297 5035 -12913 -13497 -23517 -1578 -66618 -89771
80020 93275 71033 25900 44785 -34281 59003 16420 51334 92886 -31797 -10023 -75280 4980 55470 -49013 -40212 22116 -52041 -31097 70043 -20705 79855 -41144 -36502 -36986 -77192 -45011 34412 4126 10174 69258 1587 -48530 88709 -44038 -51106 -41956 -64949 33223 34845 -25800 -69704 89460 9429 48284 -82001 32598 -53246 -17428
66762 -63846 71121 -3975 -54913 -37324 -41212 -60283 63955 -25070 -70561 -57963 -68837 74910 -75660 -18245 -67891 56890 42762 -99152 58421 58926 20678 72041 68164 74396 10022 -38976 -15400 -48210 -17538 80116 -75065 -18812 40779 52843 74523 -40376 28263 89697 -6546 -74410 -840 -99950 42127 37767 8298 32695 98707 -2740
77866 22515 -55871 96112 98194 -94445 11495 54917 -89962 -5180 18351 35540 75723 -12945 -43958 81093 77677 -64943 19470 99490 34598 -99571 -1183 -91323 54080 13112 33562 -66822 -43123 3712 -97941 54775 -4175 -50914 54187 -46348 -24773 51061 34916 -96235 -69560 -83807 -12125 18899 -12841 47357 77103 -71029 -53189 -77125
73274 -11048 -51096 -40035 -22977 48267 44990 65849 -1916 65583 -9037 -66861 -63351 -61064 52985 5812 -55527 89902 27734 -81521 95612 51980 -3275 81100 47908 -43308 -28492 88629 69501 -82868 19195 -46957 -84018 83253 63713 -68103 -566 -41727 1346 -44924 -71962 -21115 71545 -8807 -95310 -81382 75841 91939 -95848 -91337
-10399 37679 31761 -30459 -48697 -77006 69920 -7924 -87675 67274 56377 -45537 92359 -38919 -78152 -86560 -23691 -67946 -48361 -99863 38555 -52107 -5569 52814 -63286 -5235 73205 21378 -61640 -67026 85659 -39357 -18358 45233 12942 -14807 52992 -37 24525 3102 57433 77570 35947 -6832 -49302 -27070 39632 61895 44206 28558
33018 -5743 -41267 -44922 84157 49538 -39891 -84351 -97200 -77698 -66877 -61074 867 -66132 -41151 -59718 406 -18349 91353 77607 -61918 -1782 -89761 49186 18723 64454 85638 -31276 96363 -26420 -15416 -53579 73394 83091 24598 -54286 -70688 58799 33224 -83312 28704 22661 -70352 -20005 -36281 -65800 81352 14107 1776 64425
-1060 -16782 -40598 77735 -73908 -79164 -22511 -25676 -51949 33298 -898 -79860 56201 -49804 -97979 81887 -45230 -66408 -53044 -51275 2982 -65182 20870 -61314 -88856 49150 71921 14872 45019 86215 -21672 61626 69841 80290 73322 -40073 -39884 -64436 88361 89059 31556 54978 89419 -16948 -70660 -73701 -15843 39681 24671 -88799
66650 -46883 65059 -57615 -96209 -25757 -68728 -19952 88248 75673 21370 -36700 75540 -38041 79667 -68745 -22450 -62104 57888 7378 5449 -40806 81317 48179 -44427 -21317 76794 99280 48776 93357 -54858 7480 -36906 71637 -97917 86943 -86651 -89590 83846 -28199 -47428 61359 -45154 -65644 85368 -15039 12395 -28713 22231 -2684
49455 -15952 -95974 -11171 83203 70705 -33084 79212 89357 67422 30582 -52330 26222 16481 -22715 -28482 -74759 30132 -75820 65107 -6202 35938 49026 -33764 54584 42321 -23330 97945 -45733 -35266 -87983 -95836 4750 -22234 -83022 7385 78362 92095 -90789 -29323 57739 45668 -20240 79367 -74631 28135 69004 29418 -50591 8439
-98102 2571 -46350 -5595 24396 -86353 -74252 68712 92185 61306 33802 -36375 64722 -78413 -65116 -35831 -1968 -74422 -8153 -78591 28753 51309 49216 86517 14544 -94127 53724 -27714 -8282 26280 -9843 58441 31342 -29882 -17765 -77533 42396 36456 -56682 6433 68748 -86883 -727 87698 87933 -97558 -83407 66281 12939 -67197
2461 53854 -45040 78851 27351 89325 31090 3743 -83968 85966 80231 49862 80524 34673 48241 -65966 18413 15718 83232 -78300 -84313 32502 -24568 -40163 2048 -68452 49670 37873 31956 -60355 52362 -23287 -30314 12636 -70715 75192 -88280 68400 87631 41892 9713 -4494 18966 -92658 -63453 -18882 -29204 -98665 -27766 82498
50587 62248 96105 5080 -32106 85188 28053 -81072 -20486 78065 46041 60176 46848 -85922 99177 98481 90926 19206 38896 46610 -9556 -25376 85043 -5882 -78294 -64459 -91732 59079 -62218 88073 -21300 54826 9190 -84273 -36770 48704 -73215 92569 -59732 32960 -98685 -45208 -81013 94454 -10297 -58362 80787 -61261 -38999 -51947
-65930 -66852 49743 -29997 85517 23205 24424 98181 83216 54181 24400 6644 -51277 59068 -32081 2135 -99063 3753 -31168 99288 -52905 -60080 -29384 17916 62354 6339 3301 41081 93523 -9073 36532 40018 -46769 19202 -61860 -71071 -14820 68260 9349 -27841 -87002 -28596 45699 -29994 84198 2523 -61044 -42223 72156 84388
23329 -42131 11740 63604 -88287 -72201 69516 -90682 -48377 -79398 -28235 2936 31248 -59641 -25248 96619 65788 -18208 -66675 -4727 -9027 3283 -87701 -63797 69789 8070 51971 82035 -26623 -16797 -1002 -945 -7962 -55866 51150 -41096 53644 -50073 20780 -48313 83645 -52627 -96900 93946 81268 -88965 6502 -87879 -52683 -43903
84611 91789 82649 -44245 -1170 38384 33745 -35529 -2698 35985 74110 -58818 -73360 -58206 -17083 -64966 -73076 24220 22501 32575 65700 -15108 -82743 -4257 74672 -84315 -98485 -98367 60213 -15516 -52699 -49349 27849 17134 65612 79141 83410 -52659 -78760 -61078 -81279 -70212 48910 -98369 -93202 -30330 78748 -46402 -94636 -32966
83858 -65738 -90470 92908 -55341 -80511 -87544 -30570 -97996 -35757 -33364 -22298 -72368 -22584 64585 -34485 -18693 35814 8635 75613 -88901 51423 -74557 71928 4033 28732 -8616 20716 26363 -62487 -88765 720 70767 47425 12364 -42904 -6360 -33198 -38461 43981 25030 -82347 -45853 53348 97423 62376 46000 -71085 -57975 -56385
9643 73137 61621 20893 4974 -92465 44375 -47079 66948 3630 -11595 -52806 -80753 40510 -92918 91763 75463 -76864 -76528 -66774 -55677 4972 31222 82253 -86893 -30172 -98413 72449 -81510 -21853 -66275 45695 -47171 -69330 -62426 26213 87121 42436 -68465 -44371 89935 -94644 -31814 -44060 -93232 -80071 17943 -12042 44901 58148
-19010 -33323 -34988 -92007 -54470 -8144 -8806 12437 -92367 56237 83838 16018 946 1977 -83681 61117 -15234 23160 -21948 -85810 -33087 96823 -13082 -67377 39392 32744 26210 55224 -76618 24017 47234 1912 -13999 -38490 -25267 84757 -94743 -30129 -34675 -20710 60935 -99810 23492 37249 -73709 90913 -66230 -22310 -34995 -22778
-40241 -27301 42849 34433 52029 70817 74117 -31503 -20241 -51622 83106 11253 -65615 -8306 -35274 37213 21017 83476 94420 -89893 46051 -56208 -14897 -18161 -88428 99136 29012 61416 47596 -49326 -46930 -98529 23059 -68134 -3785 89072 89720 -579 -73866 -14176 22543 63507 -54682 -22148 -78841 -64833 -98543 26667 8471 12325
-72807 -67201 -52369 -44917 86477 33297 27533 -66516 69690 -30635 88718 -58231 -3984 -83121 -4541 85280 -85887 52503 91061 99272 -61611 -15449 -80236 -41348 -12035 -76201 -58931 89936 90779 93011 76617 -92888 97232 -34887 18984 53170 88835 -79875 40864 8634 -91767 -35141 84704 -98327 60598 92847 64698 -91444 23219 -84434
