49 46
2920 9036 -61 6923 8811 4821 6904 4437 3095 8828 9016 4180 5364 148 1710 4265 274 4951 7484 2138 1196 4768 5492 5339 9089 4414 4417 3021 6302 9759 7406 2314 982 5275 5864 4273 5675 -6 9873 2709 6170 3397 8192 1591 1921 7717
5042 2999 926 822 4405 7373 2803 7327 6032 222 1263 8913 4653 7119 4216 3273 2833 3417 9240 9323 7471 3520 8978 8991 919 2351 3828 580 9405 3446 3577 2230 9416 169 8274 9050 1327 3529 2407 2915 4277 4235 252 662 9946 4076
3996 7093 8437 7881 7718 4907 2929 8550 6241 7054 8624 3629 8767 5891 986 598 947 1137 7113 7828 3939 7296 3856 3080 9421 4152 8546 1956 9037 684 6942 5798 4720 1082 9863 1059 2529 2789 5283 216 3695 7811 9567 7167 3151 713
6792 2923 1154 9073 2153 8232 3739 4846 1057 7875 9160 9053 2233 9708 5771 761 5639 1810 7194 2951 9822 5624 8263 9343 6297 9906 6708 6612 4076 948 8463 9429 8144 4807 4238 6735 4566 3868 9714 6032 2146 450 7310 8962 4141 6563
110 804 6231 9319 7211 5746 1055 4892 2609 3260 8716 5515 1146 90 -10 5980 568 3974 1525 420 4317 4682 3919 6561 9279 8739 514 5413 3279 3058 3030 6198 5688 1871 534 6585 4864 64 4253 1639 1547 6718 9916 7088 9663 28
4824 1399 2057 8987 9757 4739 3954 9276 185 6041 6223 6207 1755 7840 332 1324 787 9259 6318 3989 7339 6059 2580 3887 4483 4081 3492 1259 8187 7690 6818 743 6065 1445 5995 9690 7052 2969 785 3579 1170 2521 6677 2354 5064 300
8791 6600 7547 2344 6038 431 4893 6163 307 9563 3848 289 7182 1747 4993 1274 1597 5435 3672 2274 3604 877 5652 1042 6279 336 9366 5638 6448 5135 9243 4004 548 6384 6791 5434 6780 3944 7027 9806 6868 7094 2953 3030 2985 -89
689 1491 5793 5648 9775 9905 4102 8822 4174 8681 8984 2601 3860 2292 1406 2667 5144 5426 5107 4000 7888 3546 8225 9533 6052 1741 1352 7834 340 5327 4187 7223 9906 4368 6959 1316 9432 5526 1078 6307 2661 99 2454 6612 4383 5342
8395 2569 5080 6902 1682 489 4085 2976 2828 4630 5741 2554 1252 8405 8702 9154 2608 9263 5237 8837 2151 5001 1383 1537 9361 2504 2527 1480 5160 1130 4223 5191 3572 -10 374 6888 6603 1944 8872 4172 1608 9 3276 7632 7737 1411
2084 1167 6109 7961 4503 3730 5347 1766 9213 3783 1857 8423 5952 8404 8951 1863 983 2433 232 3198 1408 6594 3887 9727 3331 580 6217 701 2294 189 4132 714 5164 7547 588 1377 8931 3324 6556 9040 5375 7042 6506 3066 8524 4016
8085 9987 7451 7491 821 9940 1670 3730 7941 1562 3971 3026 9386 8100 1736 7115 494 8276 3781 2675 8129 4755 126 8596 7095 3246 1076 7961 6471 4109 6906 9361 2111 3870 8171 2150 9456 7615 3565 9678 8657 4369 1564 6556 3563 2759
8349 4633 4687 7912 8651 622 2418 4704 7328 -25 5549 2381 7854 1011 8500 4993 7320 9650 3297 3361 537 7604 6314 4507 6636 2498 3525 225 3403 3572 9850 7206 4810 5956 9950 1556 5472 3701 3651 9240 7181 5049 6669 5961 1960 6225
1193 3543 2512 97 9156 7852 4 9921 369 1864 7320 8502 2745 6914 739 7136 4605 9684 9864 8341 5661 3980 4516 2200 6024 8680 2492 844 4361 9271 2367 6738 7886 7105 -51 3063 8816 6178 8039 768 6061 9694 8922 8711 8506 6963
620 9808 3340 5744 1385 6243 3344 9630 2613 8421 6870 4387 988 3264 9592 2017 6726 8068 3023 -63 4421 3850 7848 2153 7037 4446 3017 5254 1807 6839 9032 2670 2305 5480 1366 4971 3052 7033 1762 5968 2918 1573 1528 9600 994 2255
7314 1996 7696 4840 6085 5235 8804 2170 467 2730 7466 524 8151 9887 8031 6771 4474 9169 90 5075 3003 7895 -46 5142 5733 1812 7076 9069 2092 8275 7050 6293 5828 7098 4642 8222 6312 3724 6533 7217 9117 3608 9563 7686 2916 306
3390 6174 6541 1061 3470 1736 2823 5469 7778 955 6575 9217 3402 6090 8790 2034 3498 410 7489 4359 7849 8812 5128 1570 6093 7823 8448 6796 5380 7835 4711 7195 3692 4594 283 9983 8979 6272 1923 1087 6528 9376 2636 4111 4921 119
190 976 3510 2382 6239 4674 2068 8800 8719 4773 9735 3204 8087 7867 3925 1179 8819 3080 886 3827 3601 4581 -58 9764 7552 1009 5551 6245 9370 9959 1424 4106 6194 7240 7061 3596 5435 5657 823 9054 5725 2016 6301 325 5630 3611
6968 5221 1836 -51 3580 9796 6107 7998 1455 7649 2573 9926 9419 6039 3926 2916 7464 6678 1084 4390 8761 5068 1087 4217 8242 8059 8369 9581 4886 8445 6713 2172 9730 4789 2537 3155 5088 6718 5351 5076 6952 517 2257 8129 6154 5398
1807 5303 1045 1699 156 3917 558 8347 3091 8722 5324 9252 9279 9060 -14 4982 1556 6422 4084 8707 4335 1207 4732 5979 9227 2820 1848 510 3064 5576 2472 4008 8399 3154 3276 4221 8603 554 1361 7666 1426 9836 9568 2771 2275 8258
1058 8458 5777 2342 4996 2188 1267 8587 4475 6297 3838 7375 7360 9357 9467 7668 5186 6380 8302 6747 904 6448 6815 7543 9707 6922 9546 2702 3093 5454 5504 209 3898 9668 4222 6802 605 2321 2383 1814 2741 6478 6210 7603 7090 6454
1997 2900 3003 1397 3110 6749 6338 4763 4306 9314 1361 1811 773 2832 3026 5674 3064 9495 7563 8044 4101 3948 7193 3991 4615 8270 9588 3128 6204 680 843 9164 1 7529 5341 3032 9823 8313 3286 6507 6702 6263 8129 912 5047 4651
6415 5263 3411 4258 9306 8566 9612 5281 -16 695 8016 6601 1227 2918 538 2745 2204 7616 1496 9285 6125 9007 9460 433 4674 7420 751 813 5305 2547 4498 9117 5933 4605 7207 6402 2090 3278 9197 1751 8699 515 4476 3243 4951 9720
750 7491 8119 6774 6505 6843 2335 7674 6992 890 1594 2170 7486 5113 6065 4190 5301 2949 153 1312 9291 5893 3308 6074 6205 6499 9712 3867 6418 7343 9579 3410 6202 2641 4296 6778 7136 3094 6227 5391 1838 7789 9622 5516 2663 562
-56 1798 5208 806 7994 1089 5839 4308 8486 82 1490 1149 9850 6502 2291 7026 4684 5705 2941 6536 8527 2742 5877 9744 6851 778 8453 4794 7595 -1 6 4658 4222 4426 3512 958 5418 3572 2594 327 7755 1262 3277 6558 1173 7005
4643 1293 517 6610 3281 93 7218 3362 8600 5743 7957 6804 9416 9145 9966 2097 7121 3331 1873 628 5122 1059 5686 2949 1268 4379 5985 1510 4691 8797 7019 9543 8936 1047 9324 7403 3378 9626 3048 9057 8918 6618 7124 9187 9500 6369
432 4065 5954 3841 4669 9876 4797 2469 4200 2 5012 4411 5986 9107 2001 2516 644 4470 6463 2340 6596 48 50 6721 574 2448 1329 4725 3974 8864 2624 2506 9550 9842 5178 5361 9059 8114 9437 9624 4573 5674 7715 213 3327 4202
1001 7860 9178 2015 3821 9836 7767 4000 5230 8862 9717 9256 5403 4268 1660 4709 6575 4004 8963 237 4267 5506 2472 5932 8895 6026 87 7148 8435 4514 5938 1612 5693 2616 8991 7587 1528 8729 7935 4946 9713 7267 5685 5921 5690 6606
8386 3081 6178 6428 7743 1014 9377 6712 4596 7912 5027 2978 5959 3319 4605 6807 5580 9569 139 9887 7988 4818 9610 712 2095 1734 3147 4872 151 1843 2629 9111 8310 5253 2728 4827 1647 8791 7163 9448 7653 5926 1639 8397 6696 5341
2027 2544 4966 4632 1210 4313 1832 5506 9397 8664 2021 3153 7852 7985 9418 2984 9314 791 4458 8869 6306 7429 4544 9954 5609 4491 5590 7699 7990 1042 1383 5189 7665 5363 6335 1490 4123 4943 2220 9397 3022 3634 7673 2935 1243 2634
5168 7880 8036 2050 4308 3072 8871 7197 3600 6350 7032 6758 749 9593 4918 9043 0 1358 4366 8161 8366 6201 6687 4312 6758 800 5724 6184 635 8400 4191 8090 5354 2076 3174 6237 796 3047 445 112 9386 1258 1562 7957 1381 290
4261 6740 6877 2134 9355 393 1415 1535 8236 6087 7912 7465 7029 6263 5422 969 4212 969 9326 841 5083 9975 7571 6046 487 9089 683 5118 719 4053 4730 9254 1317 6994 8349 3160 8412 9661 9907 3507 5043 8370 5249 5082 6578 7697
5694 6173 2701 3476 5475 6071 2269 2928 9554 5948 6127 1383 3790 -99 7616 4402 4078 2940 8989 6735 757 1843 4517 2520 161 9919 9663 9298 7114 5464 2452 1233 7761 4592 2606 4735 7257 673 7736 8953 5430 5056 570 2454 3659 4539
4265 3435 1974 7669 6298 8179 6412 1590 8883 8550 9166 426 9555 8940 9276 6735 1004 3425 2209 6268 4862 7351 182 503 5724 4892 4811 6446 3177 6533 1730 6032 498 6448 6287 8992 9928 523 6332 6178 2524 3821 2340 7121 7562 7488
6707 8986 5326 7350 6308 1382 1268 2354 4173 2830 9854 5525 7715 9268 1293 5965 6712 9863 296 445 1267 2289 8882 6521 5126 8733 1762 5680 5240 4105 1646 9447 5987 8927 7055 652 6410 3306 7610 4088 9734 5230 9818 71 1570 6112
3948 4994 6898 3924 7688 5152 2893 1808 1883 3451 8584 2732 9724 467 9492 7418 3440 81 2673 1650 1570 6711 1444 3331 5670 4687 161 6767 1282 2546 2514 9190 4426 7603 4663 6314 9130 7942 1829 6929 4178 1176 2242 888 5575 1921
9660 6027 759 6424 323 5117 7162 1571 3070 2204 845 4471 3522 487 2297 1504 924 4080 472 6860 4376 6724 3486 9624 7181 1522 8575 6502 9157 8126 1377 5264 1025 9897 5276 7515 1014 4155 4776 3102 5071 3649 6785 4951 2516 9307
6975 2450 8366 548 2222 2633 6811 1338 1883 4907 2043 7451 4791 9792 1774 3343 2873 6180 9089 5002 8186 7534 362 9089 6544 9896 6702 1652 5894 9105 7192 3297 1479 3277 4843 4193 2641 8295 2813 9158 6164 7358 4509 4218 9447 554
8959 6843 2845 6127 944 8305 9839 9021 3654 9501 4170 2155 6286 807 4358 3093 4205 3803 1756 9855 3099 8683 9643 1455 8098 5603 2345 8070 9412 6260 3192 8581 3952 4427 3830 6928 2999 9886 3821 6726 3699 2834 2397 928 567 6317
652 2926 7772 5846 9674 8636 3687 5206 1111 4845 6542 2725 7684 8085 6729 1448 1115 6836 3140 4374 5625 8843 2370 7749 5410 6381 6529 6172 1039 9894 8992 9346 2347 1705 9880 8730 1834 7308 8144 5133 4816 4177 9692 650 5692 7148
780 5159 9557 3297 2284 1975 709 5313 5357 4685 4388 4724 8040 6932 6351 9870 6128 9558 7602 4647 6621 9876 9911 5839 6325 2072 2456 323 7903 5455 650 681 1297 5318 4082 7995 2019 1638 7151 2157 6648 3188 1770 1645 4891 5458
380 6156 621 3412 6793 6896 9803 9010 5309 1561 8908 4042 3372 9860 6338 3343 6599 5175 7841 1033 9343 1419 3374 1118 8840 3447 5882 4840 5067 2320 6396 4352 202 113 7689 5794 9133 5435 2004 7369 4063 9917 3018 95 9662 3883
5176 5292 7234 7739 4825 517 9508 2185 1016 3769 1246 5949 18 1312 2439 8916 4325 5277 624 5178 594 5219 4660 4113 6775 2585 8582 2974 8281 523 1061 9245 933 8637 7713 2177 3601 3460 1274 778 5296 652 2160 5327 4225 1755
2138 6242 5865 8129 7809 105 8660 3972 3581 8 7948 7633 2359 9737 2102 5076 2736 574 4376 849 9534 5789 8832 3944 3749 7861 5496 4014 878 461 1985 4882 1205 8614 7129 4403 2199 1970 4579 6761 9503 1083 1269 8639 678 8878
1989 7588 3827 8181 4854 1501 7300 8473 6913 3979 9355 8273 9088 8698 4867 3686 5998 8420 9239 6401 5471 9247 2267 3718 8710 6343 2606 1828 8158 3884 1029 2497 1707 1504 3133 9128 1857 4466 8171 8889 3031 9334 709 7939 2538 3050
9055 1957 5088 8659 332 93 9550 5683 2480 6726 430 4294 3716 8918 4550 2099 3592 5693 4599 3437 9313 4819 2278 2397 1522 -6 1735 9964 9432 7270 498 3595 5215 4654 4979 810 5758 2549 3184 7826 3832 6551 1020 9931 763 281
9998 9594 5416 628 4340 5245 7393 8656 8151 4711 2786 9868 6603 1872 4455 991 6299 6515 9461 2646 2730 3978 403 402 6632 5855 2768 7538 14 5873 4379 920 973 4827 2973 9497 4937 6441 1610 308 4473 8022 1512 9146 1138 4362
1986 5263 4056 6715 3041 3866 410 586 3076 5787 2352 191 3956 6246 9179 7799 8773 9920 5694 578 314 1136 4379 8173 4317 7646 1026 9657 2444 2811 4074 2340 4729 9800 -10 3421 944 6515 6366 84 4886 3947 8875 7565 1082 -77
3013 1570 8102 2879 2530 9068 9643 1833 2772 5335 8558 871 9156 2285 5552 6764 6505 7081 2526 542 5569 4938 4428 9694 5894 7167 2736 3520 3547 4682 5308 1960 2221 6858 93 479 7552 4191 1364 3282 8676 2895 6279 219 454 9175
4537 1180 1837 5679 7276 4134 5745 7272 6386 932 6660 4442 6157 3432 4087 3559 3321 8118 1410 9811 7622 9381 9147 9048 4179 3199 5545 8651 7751 7919 6965 5311 7960 8778 7497 875 2510 5386 1814 9214 8146 5989 767 -8 1229 3810
